% -------------------------------------------------------------------
%  Generated by MATLAB on 18-Jun-2025 16:42:36
%  MATLAB version: 24.2.0.2833386 (R2024b) Update 4
% -------------------------------------------------------------------
                                 

A = ...
  [225 25 0 0 0;
   25 250 25 0 0;
   0 25 250 25 0;
   0 0 25 250 25;
   0 0 0 25 275];

b = [40000; 40000; 40000; 40000; 40000];

previous_Time_Step_Temp = [200 200 200 200 200 200];

x = [163.29931614939505; 130.30615465544449; 133.6391372961599; 133.30247238295635; ...
     133.33613887427668];

