% -------------------------------------------------------------------
%  Generated by MATLAB on 6-Jun-2025 16:23:07
%  MATLAB version: 24.2.0.2833386 (R2024b) Update 4
% -------------------------------------------------------------------
                                 

Su = ...
  [0 0.05208 0;
   0 0 0;
   0.05208 0.05208 0.05208];

ae = ...
  [-0.5 -0.5 0;
   -0.5 -0.5 0;
   -0.5 -0.5 0];

an = ...
  [0 0 0;
   0.000651 0.000651 0.000651;
   0.000651 0.000651 0.000651];

ap = ...
  [-0.99804699999999991 0.0019529999999999999 1.0019529999999999;
   -0.998698 0.001302 1.001302;
   -0.999349 0.0019529999999999999 1.0019529999999999];

as = ...
  [0.000651 0.000651 0.000651;
   0.000651 0.000651 0.000651;
   0 0 0];

aw = ...
  [0 0.5 0.5;
   0 0.5 0.5;
   0 0.5 0.5];

